2r + 1 = n de iterações

======================
   | i | j |  x |  y |
======================
 1 | 0 | 0 | -1 | -1 | 9,9
 3 | 0 | 1 |  0 | -1 | 10,9
   | 0 | 2 | +1 | -1 | 11,9
   :   :   :    :    :
   | 1 | 0 | -1 |  0 |
>> |-1-|-1-|--0-|--0-| <<
   | 1 | 2 | +1 |  0 |
   :   :   :    :    :
   | 2 | 0 | -1 | +1 |
   | 2 | 1 |  0 | +1 |
   | 2 | 2 | +1 | +1 |
======================
 2 | 0 | 0 | -2 | -2 |
 5 | 0 | 1 | -1 | -2 |
   | 0 | 2 |  0 | -2 |
   | 0 | 3 | +1 | -2 |
   | 0 | 4 | +2 | -2 |
   :   :   :    :    :
   | 1 | 0 | -2 | -1 |
   | 1 | 1 | -1 | -1 |
   | 1 | 2 |  0 | -1 |
   | 1 | 3 | +1 | -1 |
   | 1 | 4 | +2 | -1 |
   :   :   :    :    :
   | 2 | 0 | -2 |  0 |
   | 2 | 1 | -1 |  0 |
>> |-2-|-2-|--0-|--0-| <<
   | 2 | 3 | +1 |  0 |
   | 2 | 4 | +2 |  0 |
   :   :   :    :    :
   | 3 | 0 | -2 | +1 |
   | 3 | 1 | -1 | +1 |
   | 3 | 2 |  0 | +1 |
   | 3 | 3 | +1 | +1 |
   | 3 | 4 | +2 | +1 |
   :   :   :    :    :
   | 4 | 0 | -2 | +2 |
   | 4 | 1 | -1 | +2 |
   | 4 | 2 |  0 | +2 |
   | 4 | 3 | +1 | +2 |
   | 4 | 4 | +2 | +2 |
   ===================